-----------------------
Episodes of size = 1
-----------------------
A: 450.000000
B: 38.000000
C: 38.000000
D: 38.000000
E: 38.000000
F: 38.000000
G: 38.000000
H: 38.000000
I: 38.000000
J: 38.000000
K: 38.000000
L: 38.000000
M: 38.000000
N: 38.000000
O: 38.000000
P: 38.000000
Q: 38.000000
R: 38.000000
S: 38.000000
T: 38.000000
U: 38.000000
V: 38.000000
W: 38.000000
X: 38.000000
Y: 38.000000
Z: 38.000000
No. of 1 node frequent episodes = 26

